1 114npa3 1194R 1194R 1194L 0.992001 0.993039 0 1 0 0 0 1 0 0 0 1 0.999 0 -0.001 -0.002 1 -0.0001 0 0 1 
1 141npa3 1194R 1194R 1194L 0.985576 0.985576 0 1.0282 -5.56787 1053.45 0.597451 -2.90993 510.608 0.00149153 -0.00656875 1 1.0282 -5.56787 1053.45 0.597451 -2.90993 510.608 0.00149153 -0.00656875 1 
1 144npa3 1194R 1194R 1194L 0.976331 0.981618 0 0.447218 -2.2793 876.017 0.266565 -1.41053 551.418 0.00047238 -0.00254049 1 0.447218 -2.2793 876.016 0.265565 -1.41053 551.418 0.00047238 -0.00254049 1 
1 152npa3 1194R 1194R 1194L 0.969585 0.979355 0 1.93075 -4.61857 853.824 1.17214 -2.84205 540.144 0.00208476 -0.00512532 1 1.92875 -4.61957 853.824 1.17114 -2.84105 540.142 0.00408476 -0.00412532 1 
1 176npa3 1194R 1194R 1194L 0.93885 0.943956 0 -0.39413 0.60278 250.848 -0.448124 0.661631 181.887 -0.00165569 0.001185 1 -0.39413 0.60278 250.847 -0.450124 0.661631 181.887 -0.00165569 0.001185 1 
1 104johnsma3 1194R 1194R 1194L 0.990985 0.994938 0 1.21042 0.0709872 -199.158 0.0510598 1.06186 -20.0024 5.9233e-05 4.34387e-05 1 1.20931 0.0708604 -199.158 0.0510598 1.06186 -20.0024 3.3623e-05 6.59777e-05 1 
1 120johnsma3 1194R 1194R 1194L 0.99951 0.99951 0 -0.122917 -0.144805 441.207 -0.263446 0.323007 230.393 -0.000699004 -0.000191618 1 -0.122917 -0.144805 441.207 -0.263446 0.323007 230.393 -0.000699004 -0.000191618 1 
1 121johnsma3 1194R 1194R 1194L 0.999728 0.999728 0 0.677785 -0.0362082 58.0661 -0.0976235 0.685411 107.341 -0.000261983 -0.000112458 1 0.677785 -0.0362082 58.0661 -0.0976235 0.685411 107.341 -0.000261983 -0.000112458 1 
1 106johnsma3 1194R 1194R 1194L 0.942289 0.992388 0 0.978902 -0.0421217 -101.114 -0.0673308 0.766609 84.9858 -0.000115404 -0.000166833 1 0.978892 -0.0422217 -101.115 -0.0873308 0.757609 84.9858 -0.000115404 -0.000156833 1 
1 116johnsma3 1194R 1194R 1194L 0.296788 0.991687 0 0.268216 -0.268216 591.468 1.27905 -1.27905 801.364 0.00113687 -0.00113687 1 0.267205 -0.270316 591.467 1.13705 -1.27905 801.363 0.00402667 0.00307313 1 
1 114johnsma3 1194R 1194R 1194L 0.989805 0.989805 0 -0.742732 -0.216487 652.001 -0.796198 -0.232242 699.063 -0.00113911 -0.00033208 1 -0.742732 -0.216487 652.001 -0.796198 -0.232242 699.063 -0.00113911 -0.00033208 1 
1 119kosieram3 1194R 1194R 1194L 0.908503 0.986837 0 -0.027651 -0.561254 776.729 -0.22062 -0.0425906 505.849 -0.000285852 -0.0005064 1 -0.028761 -0.560364 776.728 -0.22462 -0.0425906 505.848 0.000509148 -0.0004164 1 
1 109kilens3 1194R 1194R 1194L 0.984652 0.995597 0 0.332169 -0.158136 425.547 -0.166667 0.572923 229.426 -0.000244062 -0.000140606 1 0.332169 -0.158136 425.546 -0.172667 0.572923 229.426 -0.000244062 -0.000140606 1 
1 144npa3 1194R 1194R 1194L 0.976331 0.981618 0 0.447218 -2.2793 876.017 0.266565 -1.41053 551.418 0.00047238 -0.00254049 1 0.447218 -2.2793 876.016 0.265565 -1.41053 551.418 0.00047238 -0.00254049 1 
1 104johnsma3 1194R 1194R 1194L 0.990985 0.994938 0 1.21042 0.0709872 -199.158 0.0510598 1.06186 -20.0024 5.9233e-05 4.34387e-05 1 1.20931 0.0708604 -199.158 0.0510598 1.06186 -20.0024 3.3623e-05 6.59777e-05 1 
